-2.000000 1.000000 0.000000 0.000000 0.000000 0.000000 0.278300 0.000000 0.000000
-1.999333 0.999333 0.020000 -0.020000 0.400000 -0.400000 -0.141817 -4.201167 0.529024 
-1.994667 0.994667 0.080000 -0.080000 0.800000 -0.800000 -0.141257 0.005605 0.052128 
-1.982000 0.982000 0.180000 -0.180000 1.200000 -1.200000 -0.139731 0.015257 0.113149 
-1.957333 0.957333 0.320000 -0.320000 1.600000 -1.600000 -0.136742 0.029889 0.094508 
-1.916949 0.916802 0.491530 -0.495950 1.830594 -1.919009 -0.131776 0.049658 0.096284 
-1.858971 0.858114 0.664758 -0.672772 1.633974 -1.617416 -0.124462 0.073145 0.080421 
-1.784992 0.783417 0.808155 -0.814513 1.233974 -1.217416 -0.114954 0.095075 0.094695 
-1.698673 0.696545 0.911553 -0.916255 0.833974 -0.817416 -0.103610 0.113440 0.108730 
-1.604015 0.601499 0.974950 -0.977996 0.433974 -0.417416 -0.090830 0.127800 0.150649 
-1.504992 0.502270 0.999087 -1.000000 0.048767 -0.022656 -0.077060 0.137700 0.143746 
-1.404971 0.402232 1.000000 -1.000000 -0.030512 0.022656 -0.062718 0.143425 0.145419 
-1.305047 0.302289 0.999243 -0.999437 0.015364 -0.011390 -0.047907 0.148104 0.156287 
-1.205072 0.202308 1.000000 -1.000000 -0.000216 0.000123 -0.032592 0.153153 0.156313 
-1.105073 0.102308 1.000000 -1.000000 0.000216 -0.000123 -0.016756 0.158358 0.125874 
-1.005072 0.002308 1.000000 -1.000000 -0.000216 0.000123 -0.000384 0.163720 0.149952 
-0.905073 -0.097692 1.000000 -1.000000 0.000216 -0.000123 0.016542 0.169265 0.119789 
-0.805072 -0.197692 1.000000 -1.000000 -0.000216 0.000123 0.034042 0.174997 0.109192 
-0.705073 -0.297692 1.000000 -1.000000 0.000216 -0.000123 0.052133 0.180910 0.066373 
-0.605072 -0.397692 1.000000 -1.000000 -0.000216 0.000123 0.070834 0.187005 0.077824 
-0.505262 -0.497692 0.994321 -1.000000 -0.113357 -0.000123 0.090158 0.193244 0.060597 
-0.406338 -0.597692 0.984729 -1.000000 -0.078497 0.000123 0.110107 0.199490 0.073537 
-0.308711 -0.697692 0.963301 -1.000000 -0.350060 -0.000123 0.130675 0.205682 0.060600 
-0.214004 -0.797692 0.932094 -1.000000 -0.274067 0.000123 0.151813 0.211381 0.233297 
-0.122566 -0.897692 0.892650 -1.000000 -0.514832 -0.000123 0.173481 0.216679 0.150278 
-0.035727 -0.997692 0.845630 -1.000000 -0.425549 0.000123 0.195590 0.221088 0.087762 
0.046472 -1.097692 0.795969 -0.999996 -0.567686 -0.000037 0.218074 0.224841 0.121883 
0.123414 -1.197692 0.744717 -1.000000 -0.457339 -0.000049 0.240834 0.227596 0.103750 
0.195541 -1.297692 0.697238 -1.000000 -0.492244 0.000049 0.263806 0.229728 0.257928 
0.262895 -1.397692 0.650769 -1.000000 -0.437135 -0.000049 0.286911 0.231046 0.264876 
0.325692 -1.497692 0.604222 -1.000000 -0.493819 0.000049 0.310074 0.231631 0.166114 
0.383629 -1.597692 0.554369 -1.000000 -0.503240 -0.000049 0.333190 0.231154 0.119682 
0.436320 -1.697525 0.497131 -0.994986 -0.641503 0.100321 0.356106 0.229167 0.103955 
0.482691 -1.796309 0.428954 -0.978582 -0.722045 0.227761 0.378479 0.223728 0.109068 
0.521623 -1.892498 0.346159 -0.939893 -0.933862 0.546033 0.399824 0.213449 0.069394 
0.551370 -1.983451 0.246777 -0.876107 -1.053765 0.729680 0.419403 0.195790 0.080420 
0.570360 -2.066795 0.128831 -0.784572 -1.305163 1.101030 0.436558 0.171555 0.084644 
0.576607 -2.139578 -0.004986 -0.669415 -1.371182 1.202093 0.450520 0.139613 0.076384 
0.568977 -2.199883 -0.150376 -0.530398 -1.536618 1.578246 0.460822 0.103022 0.092176 
0.546357 -2.245137 -0.301024 -0.375755 -1.476342 1.514624 0.466932 0.061103 0.087712 
0.508833 -2.274613 -0.449858 -0.208487 -1.500332 1.830746 0.468805 0.018729 0.083997 
0.456778 -2.286728 -0.586906 -0.038028 -1.240634 1.578429 0.466306 -0.024991 0.078883 
0.392132 -2.282219 -0.703538 0.132424 -1.091993 1.830609 0.459870 -0.064357 0.110926 
0.316985 -2.260490 -0.792737 0.295485 -0.691993 1.430609 0.449712 -0.101586 0.096252 
0.234828 -2.223834 -0.844633 0.437173 -0.345931 1.403158 0.436642 -0.130696 0.071554 
0.149302 -2.173592 -0.859226 0.562747 0.054069 1.108318 0.421272 -0.153704 0.107136 
0.064316 -2.112021 -0.833819 0.666228 0.454069 0.961307 0.404332 -0.169402 0.067894 
-0.016129 -2.040820 -0.768412 0.755497 0.854069 0.824074 0.386399 -0.179326 0.109706 
-0.088033 -1.961362 -0.663005 0.831563 1.254069 0.697231 0.367931 -0.184676 0.095475 
-0.147397 -1.874943 -0.517598 0.894555 1.654069 0.562617 0.349314 -0.186178 0.086907 
-0.190310 -1.782924 -0.334895 0.943351 2.000000 0.413304 0.330882 -0.184321 0.086020 
-0.213799 -1.686788 -0.134895 0.976697 2.000000 0.253613 0.312896 -0.179853 0.103509 
-0.217289 -1.588100 0.065105 0.994576 2.000000 0.103964 0.295481 -0.174151 0.104313 
-0.200778 -1.488288 0.265105 1.000000 2.000000 0.004518 0.278718 -0.167634 0.104285 
-0.164268 -1.388281 0.465105 1.000000 2.000000 -0.004518 0.262616 -0.161019 0.106981 
-0.108296 -1.288292 0.648952 0.999900 1.676948 0.002511 0.247044 -0.155713 0.110200 
-0.035682 -1.188294 0.796647 1.000000 1.276948 -0.000504 0.231736 -0.153089 0.111909 
0.049701 -1.088295 0.904342 1.000000 0.876948 0.000504 0.216402 -0.153338 0.115285 
0.143853 -0.988294 0.972037 1.000000 0.476948 -0.000504 0.200772 -0.156296 0.119222 
0.242775 -0.888295 0.999732 1.000000 0.076948 0.000504 0.184600 -0.161726 0.119811 
0.342885 -0.788294 1.000000 1.000000 -0.071582 -0.000504 0.167677 -0.169223 0.120897 
0.442706 -0.688295 0.998197 1.000000 0.035523 0.000504 0.149899 -0.177787 0.121345 
0.542645 -0.588294 1.000000 1.000000 0.000536 -0.000504 0.131224 -0.186743 0.126476 
0.642645 -0.488295 1.000000 1.000000 -0.000536 0.000504 0.111597 -0.196277 0.126446 
0.742645 -0.388294 1.000000 1.000000 0.000536 -0.000504 0.090954 -0.206428 0.131556 
0.842645 -0.288295 1.000000 1.000000 -0.000536 0.000504 0.069235 -0.217189 0.131662 
0.942645 -0.188294 1.000000 1.000000 0.000536 -0.000504 0.046375 -0.228601 0.137182 
1.042645 -0.088295 1.000000 1.000000 -0.000536 0.000504 0.022308 -0.240669 0.139489 
1.142645 0.011702 1.000000 0.999872 0.000536 -0.003062 -0.003034 -0.253415 0.139806 
1.242645 0.111688 1.000000 1.000000 -0.000536 0.005620 -0.029716 -0.266828 0.143291 
1.342645 0.211697 1.000000 1.000000 0.000536 -0.005620 -0.057818 -0.281017 0.144920 
1.442645 0.311556 1.000000 0.996048 -0.000536 -0.073421 -0.087358 -0.295399 0.148843 
1.542645 0.410623 1.000000 0.983584 0.000536 -0.175849 -0.118214 -0.308563 0.149418 
1.642645 0.507903 1.000000 0.960018 -0.000536 -0.295485 -0.150142 -0.319280 0.158761 
1.742645 0.602221 1.000000 0.924267 0.000536 -0.419528 -0.182816 -0.326737 0.168727 
1.842645 0.692350 1.000000 0.876311 -0.000536 -0.539602 -0.215865 -0.330490 0.169124 
1.942645 0.777097 1.000000 0.816767 0.000536 -0.651280 -0.248902 -0.330372 0.169278 
2.042645 0.855347 1.000000 0.746534 -0.000536 -0.753382 -0.281544 -0.326421 0.170145 
2.142645 0.926077 1.000000 0.666511 0.000536 -0.847068 -0.313420 -0.318760 0.168054 
2.242645 0.988346 1.000000 0.577414 -0.000536 -0.934876 -0.344174 -0.307537 0.170615 
2.342645 1.041272 1.000000 0.479686 0.000536 -1.019675 -0.373457 -0.292827 0.171857 
2.442645 1.084002 1.000000 0.373518 -0.000536 -1.103685 -0.400919 -0.274619 0.176178 
2.542645 1.115696 1.000000 0.258957 0.000536 -1.187536 -0.426194 -0.252759 0.180527 
2.642645 1.135517 1.000000 0.136109 -0.000536 -1.269435 -0.448894 -0.226993 0.183171 
2.742645 1.142656 1.000000 0.005412 0.000536 -1.344503 -0.468589 -0.196954 0.185493 
2.842645 1.136375 1.000000 -0.132030 -0.000536 -1.404326 -0.484814 -0.162245 0.188105 
2.942645 1.116096 1.000000 -0.274086 0.000536 -1.436808 -0.497060 -0.122460 0.190677 
3.042645 1.081521 1.000000 -0.417248 -0.000536 -1.426423 -0.504793 -0.077332 0.192493 
3.142645 1.032780 1.000000 -0.556413 0.000536 -1.356882 -0.507475 -0.026823 0.196159 
3.242645 0.970764 1.000000 -0.679816 -0.000536 -1.111166 -0.504684 0.027908 0.069881 
3.342645 0.897425 1.000000 -0.784963 0.000536 -0.991784 -0.496279 0.084058 0.704739 
3.442398 0.814403 0.992585 -0.871165 -0.148832 -0.732249 -0.481765 0.145132 0.232346 
3.540480 0.723964 0.964715 -0.934207 -0.408566 -0.528590 -0.460466 0.212996 0.575319 
3.634403 0.628304 0.908705 -0.974952 -0.711641 -0.286309 -0.431217 0.292484 0.220673 
3.721233 0.529678 0.823068 -0.994568 -1.001097 -0.106011 -0.392696 0.385211 0.792131 
3.798152 0.429864 0.711486 -1.000000 -1.230543 -0.002638 -0.343491 0.492057 0.173542 
3.862923 0.329859 0.581684 -1.000000 -1.365496 0.002638 -0.282344 0.611462 0.682896 
3.914231 0.229866 0.444152 -0.999937 -1.385155 -0.001374 -0.208627 0.737168 0.179981 
3.951890 0.129868 0.310714 -1.000000 -1.283587 0.000111 -0.123278 0.853491 0.722098 
3.976896 0.029868 0.192940 -1.000000 -1.071910 -0.000111 -0.029185 0.940931 0.172109 
3.991317 -0.070132 0.100350 -1.000000 -0.779890 0.000111 0.069417 0.986020 0.609354 
3.997988 -0.170128 0.038427 -0.999879 -0.458553 0.002300 0.168183 0.987658 0.143620 
4.000000 -0.270113 0.006420 -0.999912 -0.181595 -0.002949 0.263817 0.956347 0.634346 
4.000000 -0.370112 -0.003760 -1.000000 -0.022013 0.001188 0.354479 0.906613 0.125863 
3.999605 -0.470110 -0.003235 -1.000000 0.032520 -0.001188 0.439299 0.848204 0.720661 
3.999440 -0.569813 -0.000086 -0.991020 0.030466 0.180780 0.517687 0.783877 0.093150 
3.999550 -0.668344 0.001947 -0.982939 0.010196 -0.019153 0.588956 0.712688 0.711965 
3.999768 -0.766179 0.002109 -0.968194 -0.006955 0.314055 0.653663 0.647076 0.182582 
3.999935 -0.861893 0.001161 -0.950747 -0.012023 0.034887 0.711326 0.576631 0.470160 
4.000000 -0.956127 0.000221 -0.927258 -0.006771 0.434887 0.762973 0.516470 0.141509 
4.000000 -1.046966 -0.000103 -0.892422 0.000294 0.261844 0.808339 0.453653 0.395897 
3.999993 -1.134328 -0.000022 -0.849107 0.001337 0.604448 0.848249 0.399103 0.054096 
3.999995 -1.216235 0.000046 -0.789195 0.000022 0.593785 0.882656 0.344076 0.094288 
3.999999 -1.291887 0.000024 -0.720865 -0.000469 0.772826 0.912072 0.294159 0.031627 
4.000000 -1.360016 0.000000 -0.640802 -0.000007 0.828433 0.936779 0.247070 0.015683 
4.000000 -1.419889 -0.000000 -0.555986 0.000002 0.867877 0.957203 0.204239 0.017543 
4.000000 -1.471184 0.000000 -0.470274 -0.000000 0.846371 0.973808 0.166046 0.016746 
4.000000 -1.514033 -0.000000 -0.387255 0.000000 0.814015 0.987084 0.132759 0.016478 
4.000000 -1.548804 0.000000 -0.309314 -0.000000 0.744791 0.997479 0.103947 0.016066 
4.000000 -1.576148 -0.000000 -0.238920 0.000000 0.663094 1.005424 0.079459 0.015941 
4.000000 -1.596873 0.000000 -0.177088 0.000000 0.573553 1.011318 0.058931 0.016007 
4.000000 -1.611869 -0.000000 -0.124378 -0.000000 0.480642 1.015513 0.041959 0.017172 
4.000000 -1.622057 -0.000000 -0.080897 -0.000000 0.388981 1.018332 0.028184 0.017151 
4.000000 -1.628344 -0.000000 -0.046287 -0.000000 0.303219 1.020059 0.017268 0.005279 
4.000000 -1.631585 -0.000000 -0.019799 -0.000000 0.226535 1.020945 0.008861 0.005267 
4.000000 -1.632542 -0.000000 -0.000443 0.000000 0.160581 1.021206 0.002613 0.005267 
