-1.000000 2.000000 0.300000 -0.600000 
-0.970000 1.940000 0.300000 -0.600000 
-0.940000 1.880000 0.300000 -0.600000 
-0.910000 1.820000 0.300000 -0.600000 
-0.880000 1.760000 0.300000 -0.600000 
-0.850000 1.700000 0.300000 -0.600000 
-0.820000 1.640000 0.300000 -0.600000 
-0.790000 1.580000 0.300000 -0.600000 
-0.760000 1.520000 0.300000 -0.600000 
-0.730000 1.460000 0.300000 -0.600000 
-0.700000 1.400000 0.300000 -0.600000 
-0.670000 1.340000 0.300000 -0.600000 
-0.640000 1.280000 0.300000 -0.600000 
-0.610000 1.220000 0.300000 -0.600000 
-0.580000 1.160000 0.300000 -0.600000 
-0.550000 1.100000 0.300000 -0.600000 
-0.520000 1.040000 0.300000 -0.600000 
-0.490000 0.980000 0.300000 -0.600000 
-0.460000 0.920000 0.300000 -0.600000 
-0.430000 0.860000 0.300000 -0.600000 
-0.400000 0.800000 0.300000 -0.600000 
-0.370000 0.740000 0.300000 -0.600000 
-0.340000 0.680000 0.300000 -0.600000 
-0.310000 0.620000 0.300000 -0.600000 
-0.280000 0.560000 0.300000 -0.600000 
-0.250000 0.500000 0.300000 -0.600000 
-0.220000 0.440000 0.300000 -0.600000 
-0.190000 0.380000 0.300000 -0.600000 
-0.160000 0.320000 0.300000 -0.600000 
-0.130000 0.260000 0.300000 -0.600000 
-0.100000 0.200000 0.300000 -0.600000 
-0.070000 0.140000 0.300000 -0.600000 
-0.040000 0.080000 0.300000 -0.600000 
-0.010000 0.020000 0.300000 -0.600000 
0.020000 -0.040000 0.300000 -0.600000 
0.050000 -0.100000 0.300000 -0.600000 
0.080000 -0.160000 0.300000 -0.600000 
0.110000 -0.220000 0.300000 -0.600000 
0.140000 -0.280000 0.300000 -0.600000 
0.170000 -0.340000 0.300000 -0.600000 
0.200000 -0.400000 0.300000 -0.600000 
0.230000 -0.460000 0.300000 -0.600000 
0.260000 -0.520000 0.300000 -0.600000 
0.290000 -0.580000 0.300000 -0.600000 
0.320000 -0.640000 0.300000 -0.600000 
0.350000 -0.700000 0.300000 -0.600000 
0.380000 -0.760000 0.300000 -0.600000 
0.410000 -0.820000 0.300000 -0.600000 
0.440000 -0.880000 0.300000 -0.600000 
0.470000 -0.940000 0.300000 -0.600000 
0.500000 -1.000000 0.300000 -0.600000 
0.530000 -1.060000 0.300000 -0.600000 
0.560000 -1.120000 0.300000 -0.600000 
0.590000 -1.180000 0.300000 -0.600000 
0.620000 -1.240000 0.300000 -0.600000 
0.650000 -1.300000 0.300000 -0.600000 
0.680000 -1.360000 0.300000 -0.600000 
0.710000 -1.420000 0.300000 -0.600000 
0.740000 -1.480000 0.300000 -0.600000 
0.770000 -1.540000 0.300000 -0.600000 
0.800000 -1.600000 0.300000 -0.600000 
0.830000 -1.660000 0.300000 -0.600000 
0.860000 -1.720000 0.300000 -0.600000 
0.890000 -1.780000 0.300000 -0.600000 
0.920000 -1.840000 0.300000 -0.600000 
0.950000 -1.900000 0.300000 -0.600000 
0.980000 -1.960000 0.300000 -0.600000 
1.010000 -2.020000 0.300000 -0.600000 
1.040000 -2.080000 0.300000 -0.600000 
1.070000 -2.140000 0.300000 -0.600000 
1.100000 -2.200000 0.300000 -0.600000 
1.130000 -2.260000 0.300000 -0.600000 
1.160000 -2.320000 0.300000 -0.600000 
1.190000 -2.380000 0.300000 -0.600000 
1.220000 -2.440000 0.300000 -0.600000 
1.250000 -2.500000 0.300000 -0.600000 
1.280000 -2.560000 0.300000 -0.600000 
1.310000 -2.620000 0.300000 -0.600000 
1.340000 -2.680000 0.300000 -0.600000 
1.370000 -2.740000 0.300000 -0.600000 
1.400000 -2.800000 0.300000 -0.600000 
1.430000 -2.860000 0.300000 -0.600000 
1.460000 -2.920000 0.300000 -0.600000 
1.490000 -2.980000 0.300000 -0.600000 
1.520000 -3.040000 0.300000 -0.600000 
1.550000 -3.100000 0.300000 -0.600000 
1.580000 -3.160000 0.300000 -0.600000 
1.610000 -3.220000 0.300000 -0.600000 
1.640000 -3.280000 0.300000 -0.600000 
1.670000 -3.340000 0.300000 -0.600000 
1.700000 -3.400000 0.300000 -0.600000 
1.730000 -3.460000 0.300000 -0.600000 
1.760000 -3.520000 0.300000 -0.600000 
1.790000 -3.580000 0.300000 -0.600000 
1.820000 -3.640000 0.300000 -0.600000 
1.850000 -3.700000 0.300000 -0.600000 
1.880000 -3.760000 0.300000 -0.600000 
1.910000 -3.820000 0.300000 -0.600000 
1.940000 -3.880000 0.300000 -0.600000 
1.970000 -3.940000 0.300000 -0.600000 
2.000000 -4.000000 0.300000 -0.600000 
2.030000 -4.060000 0.300000 -0.600000 
2.060000 -4.120000 0.300000 -0.600000 
2.090000 -4.180000 0.300000 -0.600000 
2.120000 -4.240000 0.300000 -0.600000 
2.150000 -4.300000 0.300000 -0.600000 
2.180000 -4.360000 0.300000 -0.600000 
2.210000 -4.420000 0.300000 -0.600000 
2.240000 -4.480000 0.300000 -0.600000 
2.270000 -4.540000 0.300000 -0.600000 
2.300000 -4.600000 0.300000 -0.600000 
2.330000 -4.660000 0.300000 -0.600000 
2.360000 -4.720000 0.300000 -0.600000 
2.390000 -4.780000 0.300000 -0.600000 
2.420000 -4.840000 0.300000 -0.600000 
2.450000 -4.900000 0.300000 -0.600000 
2.480000 -4.960000 0.300000 -0.600000 
2.510000 -5.020000 0.300000 -0.600000 
2.540000 -5.080000 0.300000 -0.600000 
2.570000 -5.140000 0.300000 -0.600000 
2.600000 -5.200000 0.300000 -0.600000 
2.630000 -5.260000 0.300000 -0.600000 
2.660000 -5.320000 0.300000 -0.600000 
2.690000 -5.380000 0.300000 -0.600000 
2.720000 -5.440000 0.300000 -0.600000 
