1.000000 
1.020000 
1.040000 
1.060000 
1.080000 
1.100000 
1.120000 
1.140000 
1.160000 
1.180000 
1.200000 
1.220000 
1.240000 
1.260000 
1.280000 
1.300000 
1.320000 
1.340000 
1.360000 
1.380000 
1.400000 
1.420000 
1.440000 
1.460000 
1.480000 
1.500000 
1.520000 
1.540000 
1.560000 
1.580000 
1.600000 
1.620000 
1.640000 
1.660000 
1.680000 
1.700000 
1.720000 
1.740000 
1.760000 
1.780000 
1.800000 
1.820000 
1.840000 
1.860000 
1.880000 
1.900000 
1.920000 
1.940000 
1.960000 
1.980000 
2.000000 
2.020000 
2.040000 
2.060000 
2.080000 
2.100000 
2.120000 
2.140000 
2.160000 
2.180000 
2.200000 
2.220000 
2.240000 
2.260000 
2.280000 
2.300000 
2.320000 
2.340000 
2.360000 
2.380000 
2.400000 
2.420000 
2.440000 
2.460000 
2.480000 
2.500000 
2.520000 
2.540000 
2.560000 
2.580000 
2.600000 
2.620000 
2.640000 
2.660000 
2.680000 
2.700000 
2.720000 
2.740000 
2.760000 
2.780000 
2.800000 
2.820000 
2.840000 
2.860000 
2.880000 
2.900000 
2.920000 
2.940000 
2.960000 
2.980000 
3.000000 
3.020000 
3.040000 
3.060000 
3.080000 
3.100000 
3.120000 
3.140000 
3.160000 
3.180000 
3.200000 
3.220000 
3.240000 
3.260000 
3.280000 
3.300000 
3.320000 
3.340000 
3.360000 
3.380000 
3.400000 
3.420000 
3.440000 
3.460000 
3.480000 
