-1.000000 
-0.970000 
-0.940000 
-0.910000 
-0.880000 
-0.850000 
-0.820000 
-0.790000 
-0.760000 
-0.730000 
-0.700000 
-0.670000 
-0.640000 
-0.610000 
-0.580000 
-0.550000 
-0.520000 
-0.490000 
-0.460000 
-0.430000 
-0.400000 
-0.370000 
-0.340000 
-0.310000 
-0.280000 
-0.250000 
-0.220000 
-0.190000 
-0.160000 
-0.130000 
-0.100000 
-0.070000 
-0.040000 
-0.010000 
0.020000 
0.050000 
0.080000 
0.110000 
0.140000 
0.170000 
0.200000 
0.230000 
0.260000 
0.290000 
0.320000 
0.350000 
0.380000 
0.410000 
0.440000 
0.470000 
0.500000 
0.530000 
0.560000 
0.590000 
0.620000 
0.650000 
0.680000 
0.710000 
0.740000 
0.770000 
0.800000 
0.830000 
0.860000 
0.890000 
0.920000 
0.950000 
0.980000 
1.010000 
1.040000 
1.070000 
1.100000 
1.130000 
1.160000 
1.190000 
1.220000 
1.250000 
1.280000 
1.310000 
1.340000 
1.370000 
1.400000 
1.430000 
1.460000 
1.490000 
1.520000 
1.550000 
1.580000 
1.610000 
1.640000 
1.670000 
1.700000 
1.730000 
1.760000 
1.790000 
1.820000 
1.850000 
1.880000 
1.910000 
1.940000 
1.970000 
2.000000 
2.030000 
2.060000 
2.090000 
2.120000 
2.150000 
2.180000 
2.210000 
2.240000 
2.270000 
2.300000 
2.330000 
2.360000 
2.390000 
2.420000 
2.450000 
2.480000 
2.510000 
2.540000 
2.570000 
2.600000 
2.630000 
2.660000 
2.690000 
2.720000 
