2.000000 
1.940000 
1.880000 
1.820000 
1.760000 
1.700000 
1.640000 
1.580000 
1.520000 
1.460000 
1.400000 
1.340000 
1.280000 
1.220000 
1.160000 
1.100000 
1.040000 
0.980000 
0.920000 
0.860000 
0.800000 
0.740000 
0.680000 
0.620000 
0.560000 
0.500000 
0.440000 
0.380000 
0.320000 
0.260000 
0.200000 
0.140000 
0.080000 
0.020000 
-0.040000 
-0.100000 
-0.160000 
-0.220000 
-0.280000 
-0.340000 
-0.400000 
-0.460000 
-0.520000 
-0.580000 
-0.640000 
-0.700000 
-0.760000 
-0.820000 
-0.880000 
-0.940000 
-1.000000 
-1.060000 
-1.120000 
-1.180000 
-1.240000 
-1.300000 
-1.360000 
-1.420000 
-1.480000 
-1.540000 
-1.600000 
-1.660000 
-1.720000 
-1.780000 
-1.840000 
-1.900000 
-1.960000 
-2.020000 
-2.080000 
-2.140000 
-2.200000 
-2.260000 
-2.320000 
-2.380000 
-2.440000 
-2.500000 
-2.560000 
-2.620000 
-2.680000 
-2.740000 
-2.800000 
-2.860000 
-2.920000 
-2.980000 
-3.040000 
-3.100000 
-3.160000 
-3.220000 
-3.280000 
-3.340000 
-3.400000 
-3.460000 
-3.520000 
-3.580000 
-3.640000 
-3.700000 
-3.760000 
-3.820000 
-3.880000 
-3.940000 
-4.000000 
-4.060000 
-4.120000 
-4.180000 
-4.240000 
-4.300000 
-4.360000 
-4.420000 
-4.480000 
-4.540000 
-4.600000 
-4.660000 
-4.720000 
-4.780000 
-4.840000 
-4.900000 
-4.960000 
-5.020000 
-5.080000 
-5.140000 
-5.200000 
-5.260000 
-5.320000 
-5.380000 
-5.440000 
