-1.999333 
-1.994667 
-1.982000 
-1.957333 
-1.916949 
-1.858971 
-1.784992 
-1.698673 
-1.604015 
-1.504992 
-1.404971 
-1.305047 
-1.205072 
-1.105073 
-1.005072 
-0.905073 
-0.805072 
-0.705073 
-0.605072 
-0.505262 
-0.406338 
-0.308711 
-0.214004 
-0.122566 
-0.035727 
0.046472 
0.123414 
0.195541 
0.262895 
0.325692 
0.383629 
0.436320 
0.482691 
0.521623 
0.551370 
0.570360 
0.576607 
0.568977 
0.546357 
0.508833 
0.456778 
0.392132 
0.316985 
0.234828 
0.149302 
0.064316 
-0.016129 
-0.088033 
-0.147397 
-0.190310 
-0.213799 
-0.217289 
-0.200778 
-0.164268 
-0.108296 
-0.035682 
0.049701 
0.143853 
0.242775 
0.342885 
0.442706 
0.542645 
0.642645 
0.742645 
0.842645 
0.942645 
1.042645 
1.142645 
1.242645 
1.342645 
1.442645 
1.542645 
1.642645 
1.742645 
1.842645 
1.942645 
2.042645 
2.142645 
2.242645 
2.342645 
2.442645 
2.542645 
2.642645 
2.742645 
2.842645 
2.942645 
3.042645 
3.142645 
3.242645 
3.342645 
3.442398 
3.540480 
3.634403 
3.721233 
3.798152 
3.862923 
3.914231 
3.951890 
3.976896 
3.991317 
3.997988 
4.000000 
4.000000 
3.999605 
3.999440 
3.999550 
3.999768 
3.999935 
4.000000 
4.000000 
3.999993 
3.999995 
3.999999 
4.000000 
4.000000 
4.000000 
4.000000 
4.000000 
4.000000 
4.000000 
4.000000 
4.000000 
4.000000 
4.000000 
4.000000 
