0.999333 
0.994667 
0.982000 
0.957333 
0.916802 
0.858114 
0.783417 
0.696545 
0.601499 
0.502270 
0.402232 
0.302289 
0.202308 
0.102308 
0.002308 
-0.097692 
-0.197692 
-0.297692 
-0.397692 
-0.497692 
-0.597692 
-0.697692 
-0.797692 
-0.897692 
-0.997692 
-1.097692 
-1.197692 
-1.297692 
-1.397692 
-1.497692 
-1.597692 
-1.697525 
-1.796309 
-1.892498 
-1.983451 
-2.066795 
-2.139578 
-2.199883 
-2.245137 
-2.274613 
-2.286728 
-2.282219 
-2.260490 
-2.223834 
-2.173592 
-2.112021 
-2.040820 
-1.961362 
-1.874943 
-1.782924 
-1.686788 
-1.588100 
-1.488288 
-1.388281 
-1.288292 
-1.188294 
-1.088295 
-0.988294 
-0.888295 
-0.788294 
-0.688295 
-0.588294 
-0.488295 
-0.388294 
-0.288295 
-0.188294 
-0.088295 
0.011702 
0.111688 
0.211697 
0.311556 
0.410623 
0.507903 
0.602221 
0.692350 
0.777097 
0.855347 
0.926077 
0.988346 
1.041272 
1.084002 
1.115696 
1.135517 
1.142656 
1.136375 
1.116096 
1.081521 
1.032780 
0.970764 
0.897425 
0.814403 
0.723964 
0.628304 
0.529678 
0.429864 
0.329859 
0.229866 
0.129868 
0.029868 
-0.070132 
-0.170128 
-0.270113 
-0.370112 
-0.470110 
-0.569813 
-0.668344 
-0.766179 
-0.861893 
-0.956127 
-1.046966 
-1.134328 
-1.216235 
-1.291887 
-1.360016 
-1.419889 
-1.471184 
-1.514033 
-1.548804 
-1.576148 
-1.596873 
-1.611869 
-1.622057 
-1.628344 
-1.631585 
-1.632542 
